7.730081619183947206e-01
-5.782695135176174617e-02
8.082396199198484954e-01
-8.320182124085194753e-01
-4.993980372903665532e-02
-2.975999391101800118e-01
2.052616398463100872e-02
-8.642109087127085587e-01
-3.303101180967301098e-01
-3.999601423102558950e-01
7.351718181858383216e-01
6.389635059351846946e-01
3.569690871283911493e-01
-6.434714872594098356e-01
8.882883358386903794e-01
6.955011190326629844e-01
2.887054053610368931e-02
6.913460474133800160e-01
-8.101156008653824792e-01
9.720352277852171152e-01
7.692267693069550216e-02
7.427687161882410294e-01
8.922303396136557208e-01
5.003474362336736148e-01
-7.784352008374476606e-01
2.729075945524506719e-01
-5.217808816124533955e-01
-8.289508316166754875e-01
3.416601761090420908e-02
-8.948544529549437021e-01
-7.909611795233120191e-01
4.443286260373264240e-01
-6.248093769544189602e-01
5.232392831924000953e-01
9.773932786781942827e-02
7.134527224762193809e-01
5.515271632518844447e-01
-3.317305498122719576e-01
-3.840898331183857373e-01
2.485268528915398067e-01
-4.571047675927946141e-01
-7.001014550642112866e-01
3.701263208843303953e-01
-6.436386844262539375e-01
8.693793271893974772e-01
-8.382563945469392319e-01
2.574981375649511017e-01
6.808239636137936035e-02
-1.000000000000000000e+00
2.893628994536210919e-01
1.471981972685987294e-02
3.589234032960068044e-01
-2.299272665972004193e-01
2.914903633744847511e-01
1.589009546926252459e-01
-5.206875227304709197e-01
2.559183042761045690e-01
-1.547892230696581994e-02
3.174320383641536236e-01
-9.412808795992749777e-01
-5.918078231917280885e-01
2.713867179816123465e-01
6.731846175122011555e-01
-6.280451042815367035e-01
7.622866082955007672e-01
-2.040935571333688525e-01
3.250310219443762749e-01
2.137903837669671292e-01
5.076018091221874418e-01
-1.055217307183742292e-02
2.523101927142404333e-03
7.178421405786841181e-01
-3.903438811676975817e-01
3.942038884696910106e-01
8.108873014834682147e-01
7.112735162156320623e-01
-9.367176569991420010e-01
-4.628638740317354561e-01
2.017275015680479455e-01
-5.259434532933590090e-01
-6.236172721314597878e-02
-3.633617930896694270e-01
4.928753221533204720e-01
7.284556981552417487e-02
-7.145002056112972344e-01
-4.027034162925060556e-01
9.889254160844390684e-01
3.187536755366246477e-01
9.441215294262498281e-01
-2.620273575309745723e-02
2.304761304679985301e-01
-8.014783958616543691e-01
8.744848183946529740e-01
-6.862474576742758625e-01
1.000000000000000000e+00
2.464869421791160697e-01
-1.000000000000000000e+00
3.662490351029309421e-01
-5.928810353684772494e-01
-9.880366695937079502e-01
2.311294177447840437e-01
-8.045614528461799697e-01
3.776218386373780822e-01
7.508934140768122045e-01
9.767024914942650238e-01
-1.651720908356645867e-01
2.814918017109581116e-01
6.839132510343230997e-01
1.064608797793899497e-01
1.304507075986005848e-01
5.931764402071348918e-01
-8.536849855832031597e-01
8.027308552786460716e-01
-6.868207781430092362e-01
1.499895591249483240e-01
1.045838830464869973e-01
-2.584593904773602735e-01
-2.148671235186603093e-02
3.253960752624339703e-01
1.615444205901747365e-01
3.185535431222893399e-01
1.433843435807005129e-01
5.768981463381462893e-01
4.359986899549092576e-02
5.526961271683479282e-01
9.973041029315109496e-01
9.860547184383744446e-01
-1.353218864185456449e-01
-7.773383106934772524e-01
3.639751509732517820e-01
-1.000000000000000000e+00
8.951738432375463406e-01
-8.913859542385449419e-01
5.266464047024690398e-01
8.214147452122703141e-01
2.002670364261285307e-01
6.610948240219860494e-01
8.937014250065836718e-01
3.425185552424472868e-01
-3.305692846111363825e-01
-1.840269876064367927e-01
-6.387716459247965162e-01
4.104267243846885793e-01
8.624161688179092788e-01
-1.752410527560661624e-01
2.817365883489658107e-01
3.806945266100990599e-01
-5.932016133508269951e-01
7.740507088948438419e-01
-4.381705093943565332e-01
-1.250427413758239681e-01
1.453980498134994082e-01
2.259136091078615960e-01
8.294181080848125331e-01
-6.397657434870193116e-01
5.286017632535306987e-01
4.055577296294938239e-01
-7.798622387660012478e-01
-3.729138111484514018e-01
-7.429126441863095898e-02
3.326445606918915221e-01
-2.611455417328103490e-01
-1.977901390172021601e-01
-3.992055648154346770e-01
4.614483456197525368e-02
7.749113641855330803e-01
6.145849279481907512e-01
5.188921162834237572e-02
-1.837162612505453541e-01
-4.273784598805405732e-01
-6.977611833893370141e-01
-1.306016172764201677e-02
-5.721913677242315144e-01
-3.436629502548204096e-01
-2.373144764364467849e-02
-3.065660917170131006e-01
2.058102843504764912e-01
-9.356426540752930121e-01
-1.183349440164774280e-02
1.239500427861821991e-01
2.781435984902356218e-01
1.562685992603405349e-01
-9.466868136175123905e-01
8.061811779856651317e-01
-7.940340744519843730e-01
5.348305206067607287e-01
-8.227549568651363332e-01
4.784401355889946750e-01
4.464572754044380809e-01
-1.000000000000000000e+00
4.574935619249509422e-01
-8.154399617862161387e-01
-1.589987218033587779e-01
-4.606427961625029210e-01
-3.896754268125257603e-01
-4.273150562709949196e-01
-7.417036353392575387e-01
7.426516980965570669e-01
-4.419469031545898430e-01
6.454039973278606901e-01
-5.166926324296352568e-01
-2.952682188343205838e-01
1.893536211407715886e-01
3.486197347183151440e-01
1.000000000000000000e+00
2.663969358038049684e-01
-1.518139797980183059e-01
3.361959885687315630e-02
-1.337571492521859584e-01
-2.663056142253341640e-01
-9.431547988888866474e-01
-8.209871790643239464e-01
5.008481322837329275e-01
6.219288735125203527e-01
5.376222567543946784e-01
-2.436439718275210942e-01
8.095737547517251054e-02
-7.765367129096421017e-01
1.197143587280710131e-01
3.376648922363866268e-01
-4.945352936619150652e-01
-1.393495961316676968e-01
-3.804563507513729625e-01
-2.482802471047289017e-01
-3.525789593448064863e-01
-6.902924903803960843e-01
9.417204797023983609e-01
6.714408232925754838e-01
4.485739512794506556e-01
-1.323086063971464221e-01
-4.153912254736751852e-01
1.000000000000000000e+00
-8.138553736996129162e-01
3.564964168818611778e-01
2.612629231452344714e-01
-7.722863279771610134e-01
-6.097641808525819940e-01
7.785163293563358566e-01
-2.693259565437213787e-01
6.572372844529803526e-01
-1.058785736132816790e-02
-5.986067713016682834e-01
1.125417465796388905e-01
4.632123173186602494e-01
-3.492022861568679915e-01
6.719279876489765435e-01
3.144278922543083388e-01
8.174246478752684730e-01
-8.050178130181404046e-02
-6.469758175816613388e-01
-2.966685436029724288e-02
5.018938037716063477e-02
-3.774042326116520685e-01
-6.284278192377860117e-01
-4.000496604341298723e-01
8.686864639212753536e-01
-9.312338088016572368e-02
-7.644600253275992685e-01
-6.343835681019240058e-02
-4.961182753430282144e-01
-1.720626786078447990e-01
2.190541342468812491e-01
-9.017409238723766984e-01
7.762971659406162073e-03
-3.863641574815067647e-01
