7.194497744917477400e-01
-9.254236318052809773e-01
-6.207129700569479214e-01
7.324749360957466537e-01
5.511711011589317533e-01
9.957860685748304297e-01
3.495239338282404851e-01
6.846666898722014727e-01
9.834280625806564036e-01
7.461829666877486389e-01
2.200815095521688747e-01
-9.815537222776872239e-01
-2.078312655008019982e-01
8.267157154340263325e-01
-3.223111122323601418e-01
-5.901145451056407643e-01
7.427409037544543957e-02
4.262589045804635046e-03
-2.380674515834038663e-01
-8.798792449407790706e-01
6.983194593453060373e-01
-2.684161631610084697e-01
-9.635546846277115440e-01
-8.367718554300223044e-01
4.714393104913298417e-03
-9.190965711641766456e-01
3.648511382971840744e-01
-4.835930454496353281e-01
9.786750543876290287e-01
9.574123555148942311e-01
3.545292712279704550e-01
-9.770125352204259706e-01
-9.648230658406747873e-01
-6.895909400615295448e-01
-1.598258270051340080e-01
-7.213623980350356013e-02
-6.709041982510706437e-02
-4.460394345981366082e-01
-2.451326091519089867e-01
8.997585655811879413e-01
-4.086847981604902480e-01
9.435014435788475762e-01
2.438766003784462733e-01
-6.250069017464254806e-01
1.334560976489297668e-01
-2.745254794514888630e-01
-4.762226749934388437e-01
-9.773446911525267566e-01
-7.768626276794907692e-01
-8.345140380380996481e-01
2.276050559644777205e-01
-9.569569026922490895e-01
9.959668386556496111e-01
-2.756967363179439467e-01
-7.682567334244171375e-01
6.157896486904750333e-01
-7.725976445334248321e-01
5.871289447362140757e-02
-4.117146307498510682e-02
-4.748181576455542396e-01
4.551373649107799957e-01
-8.107214359634766776e-01
-1.283291419108507636e-01
1.997079870896254494e-01
8.533855336363900257e-01
5.108014730197346642e-01
4.770089191949717367e-01
8.320245685712340800e-01
-8.808564376301917243e-01
9.885212727827117352e-01
9.876457869830953529e-01
1.578749408868508342e-01
-7.108283463965042737e-01
1.536443014125876139e-01
-8.676375824924411617e-01
8.693070482510844021e-01
-1.885634340367199624e-01
-3.623170233033587984e-01
-1.489745437037250098e-01
-8.754997615113048193e-01
6.073645814185638647e-01
-9.127650362965099573e-01
-3.679920639136070037e-01
3.504744064155989047e-01
2.231904631857559163e-01
-9.257283241159609544e-01
5.203660745945223182e-02
9.003406448633214376e-01
-9.581371990506081238e-01
8.746526721319761721e-01
4.606058973235826332e-02
-6.836022188768930974e-01
-2.792757702926589314e-01
5.054695732241232947e-02
8.233062737066885184e-01
3.934155752886446811e-01
-1.054323089871229135e-01
-1.663100992244206655e-01
6.709636827521214819e-01
-6.262866530528502507e-01
2.364408359720747144e-01
1.671386421210738771e-01
-8.911346412132924444e-01
-3.239210048983785506e-01
3.561604250758247381e-01
-8.948857892493095045e-01
9.414047199152305589e-01
9.843119332379142161e-01
7.185473444594311365e-01
7.042445799627656822e-01
-6.629046633726553006e-01
3.746934414710828554e-01
2.328956218612061868e-01
-3.641272697437801797e-01
-4.081197459747010203e-01
-6.945163159497681482e-01
3.999626725920101267e-01
-8.936000993314872076e-01
-4.442603423395892759e-01
1.883136902883295605e-01
-9.458904220493370429e-01
9.852284351047733146e-01
-1.370887990915788668e-01
-5.536596684430383775e-01
-6.021358962020275651e-01
9.210705043453635277e-01
-6.289842855573609670e-01
2.596653425165893481e-01
9.668428563917582652e-01
-1.842973732542590726e-01
-9.455402916302036997e-01
9.601371338021532642e-01
-4.586789955274367392e-01
-2.659736281085545856e-02
-9.119018850407654142e-01
2.667030240837314770e-01
3.415303783330467802e-01
4.003780582682558986e-01
6.874519274931254476e-01
6.926768529977009314e-02
-5.362241358134688385e-01
-1.153923517380706920e-01
-1.481912063801496260e-01
9.202434304885246386e-01
-7.851577862834702159e-01
-4.541882206779699338e-01
8.386401667666084636e-01
-9.366999658996664202e-01
2.844132523978267213e-01
-6.292569951715367704e-01
-9.887524159656012612e-01
7.568945263622679775e-02
-8.831491944053497800e-01
8.941354448626850360e-01
-7.104217851499439185e-01
9.505529246961597067e-01
8.902759994303741653e-01
5.212284458095416406e-01
5.389121292727904189e-01
3.126276473346093106e-03
-1.251273345154116923e-01
-6.493471685146631200e-01
-3.391238768851949636e-01
-7.876356520187089982e-01
-9.605931037411756801e-01
-9.877858366381170319e-01
2.478268902489818779e-02
3.909496851209797175e-01
-7.570858489465114027e-02
-9.732397155720244886e-01
4.666122119036928417e-01
4.406389205867108361e-01
9.909318008513846587e-01
-1.565580337982044601e-01
-5.753822285606118303e-01
-3.049957716481053183e-01
-9.923238498185785184e-02
-5.807434206539241472e-01
-5.575921865295269120e-01
1.726301981164925781e-01
4.063343913930297924e-01
9.801488237616753363e-01
-9.500474743036634306e-01
7.877770702819834048e-01
-4.279106706062993370e-01
8.977649351238545239e-02
-6.022275368967598685e-02
9.914037829404284130e-01
2.652866679076792411e-01
7.664695639469047972e-01
-3.545613476503857719e-01
-8.190899378987827328e-02
2.043534851955092768e-01
6.460686111927221864e-01
6.467732112186270754e-01
-2.998113895176424681e-01
9.860360800046450436e-01
1.816127095671951075e-01
9.996694940182078437e-03
-4.664839698057799966e-01
8.894734688587301319e-01
8.420014774178327110e-01
7.757079028710921476e-01
-1.000000000000000000e+00
-1.483066778646627559e-01
4.357656628783811437e-01
-2.129897975183741854e-01
2.142362954709633449e-01
-9.719619283244077534e-01
9.612610591603391874e-03
5.273361492907402415e-01
-5.389728858718126903e-01
7.516224367554501518e-01
-2.663554209022297448e-01
-8.281809548507482743e-01
-8.480421903920898341e-01
9.411502290938230653e-01
-8.087352350356874497e-01
-9.687785664897947679e-01
-5.787947101924003634e-01
-9.455307616740734611e-01
-7.829017676568001960e-01
1.000000000000000000e+00
5.807838934285782795e-01
-5.598065837414399892e-01
-7.258199821765434767e-02
-9.888637443101752078e-01
-4.728770650483364868e-01
-4.367238672415218459e-01
4.331874907748547443e-01
2.468440057129286935e-01
-5.992802280315769892e-01
8.109152489226717497e-02
2.816557477968602632e-02
-2.145647614730944799e-02
2.711545405153956145e-01
-9.527119299886428472e-01
4.642964107218474079e-01
-2.546765184623957512e-01
-2.828847617693654448e-01
-2.473712645127897070e-01
3.733769475101286761e-01
3.392061001781154217e-01
1.990344661627274081e-01
2.006309150330997937e-01
-5.070068156118476277e-03
3.751176345140111446e-01
-7.917145449421560954e-01
-2.314025710148378268e-01
-4.625626903684871838e-01
9.834356886277278997e-01
-7.649644672620539154e-01
-2.930319065919478327e-01
5.582724180544149789e-02
5.594234058997560322e-03
-9.973878052552601625e-01
-9.981666530064740028e-01
-2.577585851232307990e-01
4.181515112939508394e-01
8.935371603720115852e-01
-2.539651038534838645e-01
3.283599275915283222e-02
8.147686592297314068e-01
9.135514826683089895e-01
3.076741995376520156e-01
